2487
2518
2574
2676
2702
2877
2791
2856
2953
2984
3069
3184
3167
3231
3418
3389
3372
3346
3377
3427
3354
3244
3293
3147
3090
3056
2971
2957
3203
3370
3620
3816
3529
3705
3714
3620
3474
3409
3459
3349
3224
3378
3346
2978
2815
3064
3363
3111
2802
2994
3245
3314
3204
3255
3242
3152
3088
2952
2913
2847
2675
2796
2789
2756
2631
2833
2799
2753
2709
2746
2731
2537
2696
2643
2514
2539
2446
2337
2090
1885
1939
2138
2350
2258
2179
2064
2272
2759
2621
2074
1812
1391
1264
1173
1119
1159
1171
1291
1400
1559
1540
1754
1703
1616
1625
1676
1508
1283
1515
1545
1514
1285
1416
1416
1520
1780
2019
1808
1917
2055
2280
2027
1974
2062
1926
2076
1962
2188
2115
2271
2027
1894
1741
1961
1978
1946
1911
1882
1856
1839
1798
1737
1671
1633
1620
1672
1765
1767
1832
1856
1854
1812
1692
1631
1555
1521
1535
1566
1604
1630
1651
1658
1644
1648
1639
1682
1664
1660
1697
1703
1671
1645
1651
1631
1635
1628
1623
1625
1637
1629
1609
